% Model:              Xsource_ver8.mph
% Version:            COMSOL 4.3.2.189
% Date:               Jan 19 2015, 15:04
% Dimension:          1
% Nodes:              1000
% Expressions:        1
% Description:        Line graph
% E                       Height
1000000000                6.351067633705939E-30
1.009009009009009E9       1.1574079359490934E-29
1.018018018018018E9       2.0872848129721284E-29
1.027027027027027E9       3.7260741973551144E-29
1.036036036036036E9       6.585832383360254E-29
1.045045045045045E9       1.1528429467012183E-28
1.054054054054054E9       1.9991116386204042E-28
1.063063063063063E9       3.434906197849185E-28
1.072072072072072E9       5.849297155776953E-28
1.0810810810810812E9      9.874160172557045E-28
1.09009009009009E9        1.65271455560111E-27
1.0990990990990992E9      2.7433877887799142E-27
1.108108108108108E9       4.517058813384297E-27
1.1171171171171172E9      7.378841778633327E-27
1.126126126126126E9       1.1960974657929848E-26
1.1351351351351352E9      1.9242889060905938E-26
1.144144144144144E9       3.073096766420115E-26
1.1531531531531532E9      4.872579930167907E-26
1.162162162162162E9       7.671683972042418E-26
1.1711711711711712E9      1.19961375037713E-25
1.18018018018018E9        1.8632839231621383E-25
1.1891891891891892E9      2.875208410694343E-25
1.1981981981981983E9      4.408350961422702E-25
1.2072072072072072E9      6.716785528906265E-25
1.216216216216216E9       1.0171509358201553E-24
1.2252252252252252E9      1.5311096094173745E-24
1.2342342342342343E9      2.291293770573227E-24
1.2432432432432432E9      3.409289633955552E-24
1.2522522522522523E9      5.044395075726023E-24
1.2612612612612612E9      7.422808859973108E-24
1.2702702702702703E9      1.0864053629206644E-23
1.2792792792792792E9      1.5817177781617378E-23
1.2882882882882884E9      2.2910112875378814E-23
1.2972972972972972E9      3.30166453953192E-23
1.3063063063063064E9      4.7346863769101435E-23
1.3153153153153152E9      6.756874990280098E-23
1.3243243243243244E9      9.597090684992863E-23
1.3333333333333333E9      1.3567938393545023E-22
1.3423423423423424E9      1.9094534239463686E-22
1.3513513513513513E9      2.67525100801509E-22
1.3603603603603604E9      3.7318015816925845E-22
1.3693693693693695E9      5.183324160383599E-22
1.3783783783783784E9      7.169193766801617E-22
1.3873873873873873E9      9.875060277841845E-22
1.3963963963963964E9      1.3547249716127707E-21
1.4054054054054055E9      1.851134764128011E-21
1.4144144144144144E9      2.5196091704164794E-21
1.4234234234234233E9      3.4163980402985215E-21
1.4324324324324324E9      4.615034861257735E-21
1.4414414414414415E9      6.211308058312614E-21
1.4504504504504504E9      8.329564323499793E-21
1.4594594594594595E9      1.1130674488019844E-20
1.4684684684684684E9      1.4822067832696247E-20
1.4774774774774776E9      1.967033176840012E-20
1.4864864864864864E9      2.6016983429150224E-20
1.4954954954954956E9      3.429815130974597E-20
1.5045045045045044E9      4.506906259940813E-20
1.5135135135135136E9      5.903441989079018E-20
1.5225225225225224E9      7.70859747674245E-20
1.5315315315315316E9      1.0034887148334964E-19
1.5405405405405407E9      1.3023864854467295E-19
1.5495495495495496E9      1.6853115750414682E-19
1.5585585585585585E9      2.1744809585397164E-19
1.5675675675675676E9      2.797613650020518E-19
1.5765765765765767E9      3.5892006683290514E-19
1.5855855855855856E9      4.592046567780757E-19
1.5945945945945945E9      5.859135929260654E-19
1.6036036036036036E9      7.45588776738728E-19
1.6126126126126127E9      9.462871908495852E-19
1.6216216216216216E9      1.1979074250556747E-18
1.6306306306306305E9      1.512581267499407E-18
1.6396396396396396E9      1.90514225162084E-18
1.6486486486486487E9      2.3936850214077516E-18
1.6576576576576576E9      3.00023164196554E-18
1.6666666666666665E9      3.7515235774990586E-18
1.6756756756756756E9      4.679961026665874E-18
1.6846846846846848E9      5.824714692706579E-18
1.6936936936936936E9      7.233038924520028E-18
1.7027027027027028E9      8.961819552029145E-18
1.711711711711712E9       1.1079394717689321E-17
1.7207207207207208E9      1.366769264499712E-17
1.7297297297297297E9      1.6824736660296762E-17
1.7387387387387388E9      2.066757497922794E-17
1.747747747747748E9       2.5335700874822117E-17
1.7567567567567568E9      3.099503795982726E-17
1.7657657657657657E9      3.7842575549632347E-17
1.7747747747747748E9      4.611175054191082E-17
1.783783783783784E9       5.607868508282938E-17
1.7927927927927928E9      6.806940362605596E-17
1.8018018018018017E9      8.246816898014554E-17
1.8108108108108108E9      9.972709474455052E-17
1.81981981981982E9        1.2037721132974788E-16
1.8288288288288288E9      1.4504118473169617E-16
1.8378378378378377E9      1.7444791158823596E-16
1.8468468468468468E9      2.094492410033548E-16
1.855855855855856E9       2.5103910341879053E-16
1.8648648648648648E9      3.0037535969188844E-16
1.8738738738738737E9      3.588047197724231E-16
1.8828828828828828E9      4.278911202456146E-16
1.891891891891892E9       5.094479938296155E-16
1.9009009009009008E9      6.055749120086246E-16
1.90990990990991E9        7.186991346937711E-16
1.918918918918919E9       8.51622658500635E-16
1.927927927927928E9       1.0075754183048893E-15
1.9369369369369369E9      1.190275365598969E-15
1.945945945945946E9       1.403996222259989E-15
1.954954954954955E9       1.6536437901143402E-15
1.963963963963964E9       1.9448417856342697E-15
1.9729729729729729E9      2.2840282657403906E-15
1.981981981981982E9       2.678563815550605E-15
1.990990990990991E9       3.136852782580562E-15
2000000000                3.668478964957327E-15
2.009009009009009E9       4.284357294283734E-15
2.018018018018018E9       4.996903197540306E-15
2.0270270270270271E9      5.820221477519087E-15
2.036036036036036E9       6.770316718467188E-15
2.045045045045045E9       7.865327403621148E-15
2.054054054054054E9       9.125786124918244E-15
2.0630630630630631E9      1.0574908473188255E-14
2.072072072072072E9       1.2238913420398126E-14
2.0810810810810812E9      1.4147378244925933E-14
2.09009009009009E9        1.6333631307279382E-14
2.0990990990990992E9      1.8835186258099758E-14
2.108108108108108E9       2.1694221553671017E-14
2.1171171171171172E9      2.4958109467500955E-14
2.126126126126126E9       2.867999912089537E-14
2.1351351351351352E9      3.291945841188378E-14
2.144144144144144E9       3.7743180101484047E-14
2.1531531531531534E9      4.32257577202555E-14
2.162162162162162E9       4.945053738755498E-14
2.171171171171171E9       5.651055209209724E-14
2.18018018018018E9        6.450954546653119E-14
2.189189189189189E9       7.356309260212082E-14
2.1981981981981983E9      8.379982599344758E-14
2.207207207207207E9       9.536277527878234E-14
2.216216216216216E9       1.0841083005068784E-13
2.2252252252252254E9      1.2312033565489153E-13
2.2342342342342343E9      1.396868325749971E-13
2.243243243243243E9       1.583269507175482E-13
2.2522522522522526E9      1.7928047066777823E-13
2.261261261261261E9       2.0281256478266418E-13
2.2702702702702703E9      2.292162318260597E-13
2.279279279279279E9       2.5881493973219884E-13
2.288288288288288E9       2.9196549201057457E-13
2.2972972972972975E9      3.290611342781836E-13
2.3063063063063064E9      3.7053491842654885E-13
2.3153153153153152E9      4.168633430018796E-13
2.3243243243243246E9      4.685702894991744E-13
2.333333333333333E9       5.26231275446431E-13
2.3423423423423424E9      5.904780463852308E-13
2.3513513513513513E9      6.620035301400784E-13
2.36036036036036E9        7.415671781133551E-13
2.3693693693693695E9      8.30000719746294E-13
2.3783783783783784E9      9.282143577515134E-13
2.3873873873873873E9      1.037203433250642E-12
2.3963963963963966E9      1.1580555915428157E-12
2.4054054054054055E9      1.2919584808886774E-12
2.4144144144144144E9      1.4402080184208506E-12
2.423423423423424E9       1.6042172590877968E-12
2.432432432432432E9       1.7855259054049799E-12
2.4414414414414415E9      1.985810497727131E-12
2.4504504504504504E9      2.2068953267686902E-12
2.4594594594594593E9      2.4507641121904207E-12
2.4684684684684687E9      2.7195724932361624E-12
2.4774774774774776E9      3.015661379650508E-12
2.4864864864864864E9      3.3415712134345604E-12
2.495495495495496E9       3.700057194404882E-12
2.504504504504504E9       4.094105525012858E-12
2.5135135135135136E9      4.5269507324579665E-12
2.5225225225225224E9      5.002094128790094E-12
2.5315315315315313E9      5.523323472447559E-12
2.5405405405405407E9      6.094733897513854E-12
2.5495495495495496E9      6.72075017990615E-12
2.5585585585585585E9      7.406150412727535E-12
2.567567567567568E9       8.156091166126695E-12
2.576576576576576E9       8.976134210213505E-12
2.5855855855855856E9      9.87227488288013E-12
2.5945945945945945E9      1.0850972187769224E-11
2.6036036036036034E9      1.1919180711125577E-11
2.6126126126126127E9      1.3084384449853107E-11
2.6216216216216216E9      1.435463264678638E-11
2.6306306306306305E9      1.5738577732972125E-11
2.63963963963964E9        1.7245515480639057E-11
2.6486486486486487E9      1.888542747451869E-11
2.6576576576576576E9      2.0669026013268224E-11
2.666666666666667E9       2.2607801556927398E-11
2.6756756756756754E9      2.47140728406332E-11
2.6846846846846848E9      2.7001039779204954E-11
2.6936936936936936E9      2.94828392916992E-11
2.7027027027027025E9      3.21746041796354E-11
2.711711711711712E9       3.509252519728036E-11
2.720720720720721E9       3.825391645718291E-11
2.7297297297297297E9      4.167728431905038E-11
2.738738738738739E9       4.5382399915056285E-11
2.7477477477477474E9      4.939037546977585E-11
2.756756756756757E9       5.3723744578153985E-11
2.7657657657657657E9      5.840654661020791E-11
2.7747747747747746E9      6.346441541658422E-11
2.783783783783784E9       6.892467251459069E-11
2.792792792792793E9       7.481642493992608E-11
2.8018018018018017E9      8.117066795505137E-11
2.810810810810811E9       8.802039281092532E-11
2.81981981981982E9        9.540069976474539E-11
2.828828828828829E9       1.033489165623236E-10
2.837837837837838E9       1.1190472259981403E-10
2.8468468468468466E9      1.2111027898569104E-10
2.855855855855856E9       1.3101036473016494E-10
2.864864864864865E9       1.416525192955611E-10
2.8738738738738737E9      1.5308719174768201E-10
2.882882882882883E9       1.6536789675467207E-10
2.891891891891892E9       1.7855137768656516E-10
2.900900900900901E9       1.9269777707540684E-10
2.90990990990991E9        2.0787081470260493E-10
2.9189189189189186E9      2.2413797358708924E-10
2.927927927927928E9       2.415706941547872E-10
2.936936936936937E9       2.602445768769332E-10
2.9459459459459457E9      2.80239593671907E-10
2.954954954954955E9       3.0164030837238177E-10
2.963963963963964E9       3.2453610656688607E-10
2.972972972972973E9       3.490214351321789E-10
2.981981981981982E9       3.7519605178018045E-10
2.9909909909909906E9      4.0316528495070743E-10
3.0E9                     4.3304030438873643E-10
3.0090090090090094E9      4.6493840275244127E-10
3.018018018018018E9       4.989832886059504E-10
3.027027027027027E9       5.353053911583849E-10
3.036036036036036E9       5.74042177118421E-10
3.045045045045045E9       6.153384800414713E-10
3.0540540540540543E9      6.593468425543271E-10
3.063063063063063E9       7.062278718499351E-10
3.072072072072072E9       7.56150608852928E-10
3.0810810810810814E9      8.092929114643753E-10
3.09009009009009E9        8.658418523022E-10
3.099099099099099E9       9.259941313617411E-10
3.108108108108108E9       9.89956504028715E-10
3.117117117117117E9       1.057946224885238E-9
3.1261261261261263E9      1.1301915077571733E-9
3.135135135135135E9       1.2069320024594126E-9
3.144144144144144E9       1.2884192887036892E-9
3.153153153153153E9       1.374917387641458E-9
3.1621621621621623E9      1.4667032915226808E-9
3.171171171171171E9       1.5640675119591484E-9
3.18018018018018E9        1.6673146472893287E-9
3.189189189189189E9       1.776763969549458E-9
3.1981981981981983E9      1.8927500315639926E-9
3.207207207207207E9       2.0156232946761956E-9
3.216216216216216E9       2.1457507776480022E-9
3.2252252252252254E9      2.283516727265986E-9
3.2342342342342343E9      2.429323311198406E-9
3.243243243243243E9       2.5835913336561806E-9
3.252252252252252E9       2.746760974418462E-9
3.2612612612612615E9      2.919292551791527E-9
3.2702702702702703E9      3.1016673100772317E-9
3.279279279279279E9       3.2943882321353974E-9
3.288288288288288E9       3.497980877631859E-9
3.2972972972972975E9      3.7129942475718826E-9
3.3063063063063064E9      3.940001675725914E-9
3.3153153153153152E9      4.179601747562843E-9
3.324324324324324E9       4.4324192473123356E-9
3.3333333333333335E9      4.699106133786583E-9
3.3423423423423424E9      4.980342545597768E-9
3.3513513513513513E9      5.276837836416134E-9
3.36036036036036E9        5.589331640919624E-9
3.3693693693693695E9      5.918594972093894E-9
3.3783783783783784E9      6.265431350548117E-9
3.3873873873873873E9      6.6306779665193526E-9
3.396396396396396E9       7.0152068752445126E-9
3.4054054054054055E9      7.419926226386307E-9
3.4144144144144144E9      7.845781528205548E-9
3.4234234234234233E9      8.29375694717953E-9
3.4324324324324327E9      8.764876643772097E-9
3.4414414414414415E9      9.260206145066669E-9
3.4504504504504504E9      9.78085375498206E-9
3.4594594594594593E9      1.0327972002793621E-8
3.4684684684684687E9      1.0902759130691156E-8
3.4774774774774776E9      1.1506460621109611E-8
3.4864864864864864E9      1.2140370764573925E-8
3.4954954954954953E9      1.2805834268805716E-8
3.5045045045045047E9      1.3504247909845467E-8
3.5135135135135136E9      1.4237062225946406E-8
3.5225225225225224E9      1.5005783255006335E-8
3.5315315315315313E9      1.581197431630323E-8
3.5405405405405407E9      1.6657257837309347E-8
3.5495495495495496E9      1.7543317226361924E-8
3.5585585585585585E9      1.8471898791972443E-8
3.5675675675675673E9      1.9444813709562226E-8
3.5765765765765767E9      2.0463940036415493E-8
3.5855855855855856E9      2.1531224775645303E-8
3.5945945945945945E9      2.264868598997251E-8
3.603603603603604E9       2.381841496612059E-8
3.6126126126126127E9      2.5042578430632595E-8
3.6216216216216216E9      2.632342081792271E-8
3.6306306306306305E9      2.766326659137441E-8
3.63963963963964E9        2.9064522618302022E-8
3.6486486486486487E9      3.052968059959771E-8
3.6576576576576576E9      3.206131955488397E-8
3.6666666666666665E9      3.366210836399838E-8
3.675675675675676E9       3.533480836563829E-8
3.6846846846846848E9      3.708227601399468E-8
3.6936936936936936E9      3.8907465594208394E-8
3.7027027027027025E9      4.081343199748186E-8
3.711711711711712E9       4.280333355668189E-8
3.720720720720721E9       4.488043494327166E-8
3.7297297297297297E9      4.7048110126409755E-8
3.7387387387387385E9      4.930984539505566E-8
3.747747747747748E9       5.166924244392369E-8
3.756756756756757E9       5.413002152412403E-8
3.7657657657657657E9      5.669602465933802E-8
3.7747747747747746E9      5.93712189283633E-8
3.783783783783784E9       6.215969981487774E-8
3.792792792792793E9       6.50656946252594E-8
3.8018018018018017E9      6.809356597531108E-8
3.810810810810811E9       7.124781534672383E-8
3.81981981981982E9        7.453308671412738E-8
3.828828828828829E9       7.795417024356649E-8
3.8378378378378377E9      8.151600606323922E-8
3.846846846846847E9       8.52236881073423E-8
3.855855855855856E9       8.908246803385227E-8
3.864864864864865E9       9.309775921708862E-8
3.8738738738738737E9      9.727514081588317E-8
3.882882882882883E9       1.0162036191819022E-7
3.891891891891892E9       1.0613934576297242E-7
3.900900900900901E9       1.1083819404018317E-7
3.9099099099099097E9      1.15723191269671E-7
3.918918918918919E9       1.2080080925983677E-7
3.927927927927928E9       1.2607771164684643E-7
3.936936936936937E9       1.315607585152339E-7
3.9459459459459457E9      1.3725701110069063E-7
3.954954954954955E9       1.431737365758662E-7
3.963963963963964E9       1.4931841291997003E-7
3.972972972972973E9       1.5569873387298647E-7
3.9819819819819818E9      1.6232261397530308E-7
3.990990990990991E9       1.6919819369352764E-7
4.0E9                     1.7633384463330773E-7
4.009009009009009E9       1.837381748399194E-7
4.0180180180180182E9      1.9142003418740746E-7
4.027027027027027E9       1.9938851985705336E-7
4.036036036036036E9       2.07652981905947E-7
4.045045045045045E9       2.162230289264086E-7
4.0540540540540543E9      2.25108533797036E-7
4.063063063063063E9       2.3431963952612198E-7
4.072072072072072E9       2.4386676518818535E-7
4.081081081081081E9       2.537606119543666E-7
4.0900900900900903E9      2.6401216921740347E-7
4.099099099099099E9       2.746327208119389E-7
4.108108108108108E9       2.8563385133086276E-7
4.117117117117117E9       2.970274525384046E-7
4.1261261261261263E9      3.0882572988069283E-7
4.135135135135135E9       3.210412090944736E-7
4.144144144144144E9       3.336867429146874E-7
4.153153153153153E9       3.467755178815731E-7
4.1621621621621623E9      3.6032106124800693E-7
4.171171171171171E9       3.7433724798770937E-7
4.18018018018018E9        3.8883830790501556E-7
4.189189189189189E9       4.0383883284684093E-7
4.1981981981981983E9      4.193537840174978E-7
4.207207207207207E9       4.353984993969887E-7
4.216216216216216E9       4.5198870126343107E-7
4.2252252252252254E9      4.691405038201943E-7
4.2342342342342343E9      4.86870420928397E-7
4.243243243243243E9       5.051953739453482E-7
4.252252252252252E9       5.241326996695172E-7
4.2612612612612615E9      5.43700158392647E-7
4.2702702702702703E9      5.639159420595425E-7
4.279279279279279E9       5.847986825361401E-7
4.288288288288288E9       6.06367459986387E-7
4.2972972972972975E9      6.286418113584784E-7
4.306306306306307E9       6.516417389810036E-7
4.315315315315315E9       6.753877192695108E-7
4.324324324324324E9       6.999007115440086E-7
4.333333333333334E9       7.252021669579281E-7
4.342342342342342E9       7.513140375389796E-7
4.351351351351351E9       7.782587853424983E-7
4.36036036036036E9        8.060593917176332E-7
4.3693693693693695E9      8.347393666869187E-7
4.378378378378378E9       8.643227584396487E-7
4.387387387387387E9       8.948341629395237E-7
4.396396396396397E9       9.262987336469468E-7
4.405405405405405E9       9.587421913564517E-7
4.414414414414414E9       9.92190834149638E-7
4.423423423423424E9       1.0266715474639952E-6
4.432432432432432E9       1.0622118142780268E-6
4.441441441441442E9       1.0988397254130643E-6
4.450450450450451E9       1.1365839899520734E-6
4.459459459459459E9       1.1754739457758388E-6
4.468468468468469E9       1.2155395702169512E-6
4.477477477477478E9       1.2568114908316802E-6
4.486486486486486E9       1.2993209962903702E-6
4.495495495495495E9       1.343100047386413E-6
4.504504504504505E9       1.3881812881641948E-6
4.513513513513514E9       1.4345980571662622E-6
4.522522522522522E9       1.4823843988000556E-6
4.531531531531531E9       1.5315750748243239E-6
4.540540540540541E9       1.5822055759555775E-6
4.549549549549549E9       1.6343121335947734E-6
4.558558558558558E9       1.6879317316744783E-6
4.567567567567568E9       1.7431021186266283E-6
4.576576576576576E9       1.7998618194711924E-6
4.585585585585586E9       1.8582501480258678E-6
4.594594594594595E9       1.9183072192369477E-6
4.603603603603603E9       1.9800739616315852E-6
4.612612612612613E9       2.0435921298915525E-6
4.621621621621622E9       2.1089043175486035E-6
4.6306306306306305E9      2.1760539698016464E-6
4.63963963963964E9        2.2450853964557586E-6
4.648648648648649E9       2.3160437849831252E-6
4.657657657657658E9       2.388975213706065E-6
4.666666666666666E9       2.463926665102149E-6
4.675675675675676E9       2.540946039231479E-6
4.684684684684685E9       2.6200821672861124E-6
4.693693693693693E9       2.701384825261871E-6
4.7027027027027025E9      2.7849047477522684E-6
4.711711711711712E9       2.870693641864743E-6
4.72072072072072E9        2.9588042012591496E-6
4.72972972972973E9        3.0492901203085444E-6
4.738738738738739E9       3.1422061083820257E-6
4.747747747747747E9       3.2376079042498667E-6
4.756756756756757E9       3.3355522906107076E-6
4.765765765765766E9       3.4360971087407584E-6
4.774774774774775E9       3.539301273264931E-6
4.783783783783784E9       3.6452247870499094E-6
4.792792792792793E9       3.7539287562188507E-6
4.801801801801802E9       3.8654754052877635E-6
4.810810810810811E9       3.979928092423438E-6
4.81981981981982E9        4.097351324822537E-6
4.828828828828829E9       4.217810774212062E-6
4.837837837837837E9       4.341373292470745E-6
4.846846846846848E9       4.468106927371379E-6
4.855855855855856E9       4.598080938443399E-6
4.864864864864864E9       4.731365812956511E-6
4.873873873873874E9       4.868033282024096E-6
4.882882882882883E9       5.008156336826564E-6
4.8918918918918915E9      5.151809244954722E-6
4.900900900900901E9       5.29906756687243E-6
4.90990990990991E9        5.450008172498468E-6
4.918918918918919E9       5.604709257907351E-6
4.927927927927928E9       5.763250362148892E-6
4.936936936936937E9       5.925712384185837E-6
4.945945945945946E9       6.092177599949772E-6
4.954954954954955E9       6.262729679514596E-6
4.963963963963964E9       6.437453704387308E-6
4.972972972972973E9       6.61643618491584E-6
4.981981981981981E9       6.799765077813516E-6
4.990990990990992E9       6.98752980379987E-6
5.0E9                     7.179821265356883E-6
5.009009009009008E9       7.376731864601448E-6
5.018018018018019E9       7.578355521272214E-6
5.027027027027027E9       7.784787690831291E-6
5.036036036036036E9       7.996125382680383E-6
5.045045045045045E9       8.212467178490455E-6
5.054054054054054E9       8.433913250644602E-6
5.063063063063063E9       8.660565380794065E-6
5.072072072072072E9       8.892526978526506E-6
5.081081081081081E9       9.12990310014601E-6
5.09009009009009E9        9.372800467564646E-6
5.099099099099099E9       9.62132748730492E-6
5.1081081081081085E9      9.875594269612411E-6
5.117117117117117E9       1.0135712647678408E-5
5.126126126126126E9       1.040179619697186E-5
5.135135135135136E9       1.067396025467982E-5
5.144144144144144E9       1.0952321939256306E-5
5.153153153153152E9       1.1237000170078745E-5
5.162162162162163E9       1.1528115687211464E-5
5.171171171171171E9       1.1825791071275176E-5
5.18018018018018E9        1.2130150763423268E-5
5.189189189189189E9       1.2441321085422373E-5
5.198198198198198E9       1.2759430259837859E-5
5.207207207207207E9       1.3084608430323561E-5
5.216216216216216E9       1.3416987682014652E-5
5.225225225225225E9       1.3756702062023038E-5
5.234234234234234E9       1.4103887600035053E-5
5.243243243243243E9       1.4458682329010506E-5
5.252252252252253E9       1.4821226305982232E-5
5.261261261261261E9       1.5191661632955765E-5
5.27027027027027E9        1.5570132477908606E-5
5.27927927927928E9        1.5956785095887414E-5
5.288288288288288E9       1.635176785020382E-5
5.2972972972972975E9      1.6755231233727127E-5
5.306306306306306E9       1.7167327890273347E-5
5.315315315315315E9       1.7588212636090276E-5
5.324324324324325E9       1.8018042481437157E-5
5.333333333333333E9       1.845697665225894E-5
5.342342342342342E9       1.8905176611953905E-5
5.351351351351352E9       1.93628060832337E-5
5.36036036036036E9        1.9830031070075784E-5
5.3693693693693695E9      2.030701987976675E-5
5.378378378378378E9       2.079394314503578E-5
5.387387387387387E9       2.1290973846278267E-5
5.396396396396397E9       2.1798287333867498E-5
5.405405405405405E9       2.2316061350554585E-5
5.414414414414414E9       2.284447605395595E-5
5.423423423423424E9       2.3383714039126037E-5
5.432432432432432E9       2.3933960361216484E-5
5.441441441441442E9       2.4495402558219606E-5
5.450450450450451E9       2.5068230673795225E-5
5.459459459459459E9       2.5652637280181006E-5
5.468468468468469E9       2.624881750118472E-5
5.477477477477477E9       2.6856969035257078E-5
5.486486486486486E9       2.7477292178646137E-5
5.495495495495496E9       2.8109989848629615E-5
5.504504504504504E9       2.8755267606827016E-5
5.513513513513514E9       2.9413333682588818E-5
5.522522522522523E9       3.008439899646277E-5
5.531531531531531E9       3.0768677183735005E-5
5.540540540540541E9       3.146638461804839E-5
5.549549549549549E9       3.2177740435091814E-5
5.558558558558558E9       3.2902966556365934E-5
5.567567567567568E9       3.364228771301802E-5
5.576576576576576E9       3.439593146975029E-5
5.585585585585586E9       3.516412824879799E-5
5.594594594594595E9       3.594711135397621E-5
5.603603603603603E9       3.674511699479583E-5
5.612612612612613E9       3.755838431064736E-5
5.621621621621622E9       3.838715539505013E-5
5.6306306306306305E9      3.923167531996815E-5
5.63963963963964E9        4.0092192160190465E-5
5.648648648648648E9       4.096895701777456E-5
5.657657657657658E9       4.1862224046553764E-5
5.666666666666667E9       4.277225047670461E-5
5.675675675675675E9       4.3699296639376646E-5
5.684684684684685E9       4.464362599138152E-5
5.693693693693694E9       4.560550513994018E-5
5.7027027027027025E9      4.658520386748875E-5
5.711711711711712E9       4.758299515654148E-5
5.72072072072072E9        4.859915521460805E-5
5.72972972972973E9        4.963396349916791E-5
5.738738738738739E9       5.068770274269643E-5
5.747747747747747E9       5.176065897774513E-5
5.756756756756757E9       5.285312156207375E-5
5.765765765765766E9       5.3965383203832465E-5
5.774774774774775E9       5.5097739986794244E-5
5.783783783783784E9       5.625049139563689E-5
5.792792792792792E9       5.742394034127157E-5
5.801801801801802E9       5.861839318621881E-5
5.810810810810811E9       5.983415977003041E-5
5.819819819819819E9       6.107155343475572E-5
5.828828828828829E9       6.233089105045238E-5
5.837837837837838E9       6.361249304073866E-5
5.846846846846847E9       6.491668340838839E-5
5.855855855855856E9       6.62437897609669E-5
5.864864864864865E9       6.759414333650489E-5
5.873873873873874E9       6.89680790292129E-5
5.882882882882883E9       7.036593541523283E-5
5.8918918918918915E9      7.178805477842395E-5
5.900900900900901E9       7.323478313618906E-5
5.90990990990991E9        7.470647026532934E-5
5.918918918918919E9       7.620346972793742E-5
5.927927927927928E9       7.77261388973211E-5
5.936936936936937E9       7.927483898395716E-5
5.945945945945946E9       8.084993506147778E-5
5.954954954954955E9       8.245179609268524E-5
5.9639639639639635E9      8.408079495559439E-5
5.972972972972973E9       8.57373084695038E-5
5.981981981981982E9       8.742171742109123E-5
5.990990990990991E9       8.913440659053566E-5
6.0E9                     9.0875764777664E-5
6.009009009009009E9       9.264618482811815E-5
6.018018018018018E9       9.444606365954745E-5
6.027027027027027E9       9.627580228782002E-5
6.0360360360360365E9      9.813580585325512E-5
6.045045045045045E9       1.0002648364687279E-4
6.054054054054054E9       1.0194824913666467E-4
6.063063063063063E9       1.0390151999387841E-4
6.072072072072072E9       1.058867181193195E-4
6.081081081081081E9       1.0790426966966728E-4
6.09009009009009E9        1.0995460508380576E-4
6.099099099099099E9       1.1203815910916658E-4
6.1081081081081085E9      1.141553708280829E-4
6.117117117117117E9       1.1630668368415547E-4
6.126126126126126E9       1.1849254550862744E-4
6.135135135135135E9       1.2071340854676785E-4
6.144144144144144E9       1.2296972948426396E-4
6.153153153153153E9       1.252619694736174E-4
6.162162162162162E9       1.2759059416054866E-4
6.171171171171171E9       1.2995607371040643E-4
6.180180180180181E9       1.3235888283457642E-4
6.189189189189189E9       1.347995008168977E-4
6.198198198198198E9       1.372784115400784E-4
6.207207207207208E9       1.397961035121103E-4
6.216216216216216E9       1.423530698926857E-4
6.225225225225225E9       1.4494980851961173E-4
6.234234234234234E9       1.475868219352216E-4
6.243243243243243E9       1.502646174127827E-4
6.252252252252253E9       1.5298370698290045E-4
6.261261261261261E9       1.5574460745991598E-4
6.27027027027027E9        1.5854784046829954E-4
6.27927927927928E9        1.6139393246903218E-4
6.288288288288288E9       1.6428341478598235E-4
6.2972972972972975E9      1.6721682363227315E-4
6.306306306306306E9       1.7019470013663685E-4
6.315315315315315E9       1.7321759036975984E-4
6.324324324324325E9       1.762860453706136E-4
6.333333333333333E9       1.7940062117277408E-4
6.342342342342342E9       1.8256187883072597E-4
6.351351351351352E9       1.8577038444615103E-4
6.36036036036036E9        1.8902670919419977E-4
6.3693693693693695E9      1.923314293497488E-4
6.378378378378378E9       1.9568512631363573E-4
6.387387387387387E9       1.9908838663887897E-4
6.396396396396397E9       2.0254180205687348E-4
6.405405405405405E9       2.0604596950356827E-4
6.414414414414414E9       2.096014911456227E-4
6.423423423423424E9       2.132089744065347E-4
6.432432432432432E9       2.1686903199275088E-4
6.441441441441442E9       2.2058228191975022E-4
6.450450450450451E9       2.2434934753809866E-4
6.459459459459459E9       2.281708575594814E-4
6.468468468468469E9       2.3204744608270626E-4
6.477477477477477E9       2.3597975261967542E-4
6.486486486486486E9       2.399684221213339E-4
6.495495495495496E9       2.440141050035801E-4
6.504504504504504E9       2.4811745717315237E-4
6.513513513513514E9       2.522791400534791E-4
6.522522522522523E9       2.564998206104963E-4
6.531531531531531E9       2.607801713784311E-4
6.540540540540541E9       2.651208704855528E-4
6.549549549549549E9       2.6952260167988464E-4
6.558558558558558E9       2.739860543548827E-4
6.567567567567568E9       2.785119235750723E-4
6.576576576576576E9       2.831009101016508E-4
6.585585585585586E9       2.8775372041805124E-4
6.594594594594595E9       2.9247106675546003E-4
6.603603603603603E9       2.97253667118299E-4
6.612612612612613E9       3.021022453096678E-4
6.621621621621622E9       3.070175309567351E-4
6.6306306306306305E9      3.1200025953609416E-4
6.63963963963964E9        3.1705117239907077E-4
6.648648648648648E9       3.2217101679698546E-4
6.657657657657658E9       3.2736054590637377E-4
6.666666666666667E9       3.326205188541524E-4
6.675675675675675E9       3.379517007427436E-4
6.684684684684685E9       3.433548626751526E-4
6.693693693693694E9       3.4883078177998635E-4
6.7027027027027025E9      3.543802412364332E-4
6.711711711711712E9       3.6000403029918604E-4
6.72072072072072E9        3.657029443233132E-4
6.72972972972973E9        3.7147778478907915E-4
6.738738738738739E9       3.7732935932671094E-4
6.747747747747747E9       3.8325848174110917E-4
6.756756756756757E9       3.892659720365101E-4
6.765765765765766E9       3.953526564410815E-4
6.774774774774775E9       4.0151936743147276E-4
6.783783783783784E9       4.07766943757303E-4
6.792792792792792E9       4.140962304655882E-4
6.801801801801802E9       4.205080789251207E-4
6.810810810810811E9       4.2700334685077235E-4
6.819819819819819E9       4.3358289832775394E-4
6.828828828828829E9       4.4024760383580634E-4
6.837837837837838E9       4.469983402733259E-4
6.846846846846847E9       4.538359909814368E-4
6.855855855855856E9       4.607614457679981E-4
6.864864864864865E9       4.6777560093153703E-4
6.873873873873874E9       4.748793592851301E-4
6.882882882882883E9       4.820736301802182E-4
6.8918918918918915E9      4.893593295303463E-4
6.900900900900901E9       4.967373798348439E-4
6.90990990990991E9        5.042087102024415E-4
6.918918918918919E9       5.117742563748072E-4
6.927927927927928E9       5.194349607500289E-4
6.936936936936937E9       5.271917724060172E-4
6.945945945945946E9       5.350456471238419E-4
6.954954954954955E9       5.429975474109996E-4
6.9639639639639635E9      5.510484425246057E-4
6.972972972972973E9       5.591993084945195E-4
6.981981981981982E9       5.674511281463915E-4
6.990990990990991E9       5.758048911246425E-4
7.0E9                     5.842615939153724E-4
7.009009009009009E9       5.928222398691751E-4
7.018018018018018E9       6.014878392239048E-4
7.027027027027027E9       6.102594091273528E-4
7.0360360360360365E9      6.191379736598426E-4
7.045045045045045E9       6.281245638567618E-4
7.054054054054054E9       6.372202177310092E-4
7.063063063063063E9       6.46425980295359E-4
7.072072072072072E9       6.557429035847608E-4
7.081081081081081E9       6.651720466785434E-4
7.09009009009009E9        6.747144757225532E-4
7.099099099099099E9       6.843712639512014E-4
7.1081081081081085E9      6.941434917094395E-4
7.117117117117117E9       7.040322464746428E-4
7.126126126126126E9       7.140386228784267E-4
7.135135135135135E9       7.241637227283608E-4
7.144144144144144E9       7.344086550296236E-4
7.153153153153153E9       7.447745360065474E-4
7.162162162162162E9       7.552624891241025E-4
7.171171171171171E9       7.658736451092836E-4
7.180180180180181E9       7.766091419724117E-4
7.189189189189189E9       7.874701250283566E-4
7.198198198198198E9       7.984577469176677E-4
7.207207207207208E9       8.095731676276199E-4
7.216216216216216E9       8.208175545131683E-4
7.225225225225225E9       8.321920823178251E-4
7.234234234234234E9       8.4369793319444E-4
7.243243243243243E9       8.553362967258931E-4
7.252252252252253E9       8.671083699457019E-4
7.261261261261261E9       8.790153573585332E-4
7.27027027027027E9        8.910584709606299E-4
7.27927927927928E9        9.032389302601459E-4
7.288288288288288E9       9.155579622973936E-4
7.2972972972972975E9      9.280168016649889E-4
7.306306306306306E9       9.406166905279162E-4
7.315315315315315E9       9.533588786435001E-4
7.324324324324325E9       9.662446233812717E-4
7.333333333333333E9       9.792751897427518E-4
7.342342342342342E9       9.924518503811586E-4
7.351351351351352E9       0.0010057758856209737
7.36036036036036E9        0.001019248583477466
7.3693693693693695E9      0.00103287123967608
7.378378378378378E9       0.0010466451576717647
7.387387387387387E9       0.0010605716486681736
7.396396396396397E9       0.0010746520316367888
7.405405405405405E9       0.0010888876333359481
7.414414414414414E9       0.0011032797883297628
7.423423423423424E9       0.001117829839006955
7.432432432432432E9       0.0011325391355995825
7.441441441441442E9       0.0011474090362016836
7.450450450450451E9       0.001162440906787798
7.459459459459459E9       0.0011776361212314126
7.468468468468469E9       0.0011929960613233067
7.477477477477477E9       0.0012085221167897748
7.486486486486486E9       0.001224215685310786
7.495495495495496E9       0.0012400781725380072
7.504504504504504E9       0.0012561109921127495
7.513513513513514E9       0.0012723155656838184
7.522522522522523E9       0.0012886933229252352
7.531531531531531E9       0.0013052457015538864
7.540540540540541E9       0.0013219741473470597
7.549549549549549E9       0.0013388801141598692
7.558558558558558E9       0.0013559650639426088
7.567567567567568E9       0.0013732304667579624
7.576576576576576E9       0.0013906778007981367
7.585585585585586E9       0.001408308552401906
7.594594594594595E9       0.001426124216071509
7.603603603603603E9       0.0014441262944894773
7.612612612612613E9       0.0014623162985353674
7.621621621621622E9       0.0014806957473023437
7.6306306306306305E9      0.0014992661681137126
7.63963963963964E9        0.0015180290965393184
7.648648648648648E9       0.0015369860764118358
7.657657657657658E9       0.0015561386598429686
7.666666666666667E9       0.0015754884072395512
7.675675675675675E9       0.001595036887319507
7.684684684684685E9       0.0016147856771277706
7.693693693693694E9       0.0016347363620520029
7.7027027027027025E9      0.0016548905358383162
7.711711711711712E9       0.0016752498006068028
7.72072072072072E9        0.0016958157668669996
7.72972972972973E9        0.0017165900535332417
7.738738738738739E9       0.0017375742879399013
7.747747747747747E9       0.0017587701058565152
7.756756756756757E9       0.001780179151502833
7.765765765765766E9       0.0018018030775637283
7.774774774774775E9       0.0018236435452040072
7.783783783783784E9       0.0018457022240831336
7.792792792792792E9       0.0018679807923698121
7.801801801801802E9       0.0018904809367564883
7.810810810810811E9       0.0019132043524737292
7.819819819819819E9       0.001936152743304505
7.828828828828829E9       0.0019593278215983626
7.837837837837838E9       0.0019827313082854603
7.846846846846847E9       0.002006364932890548
7.855855855855856E9       0.002030230433546795
7.864864864864865E9       0.002054329557009528
7.873873873873874E9       0.002078664058669858
7.882882882882883E9       0.0021032357025681865
7.8918918918918915E9      0.002128046261407627
7.900900900900901E9       0.0021530975165673033
7.90990990990991E9        0.002178391258115531
7.918918918918919E9       0.0022039292848228926
7.927927927927928E9       0.0022297134041752197
7.936936936936937E9       0.0022557454323864504
7.945945945945946E9       0.002282027194411375
7.954954954954955E9       0.0023085605239583
7.9639639639639635E9      0.0023353472635015433
7.972972972972973E9       0.002362389264293884
7.981981981981982E9       0.0023896883863788686
7.990990990990991E9       0.002417246498603007
8.0E9                     0.0024450654786278897
8.009009009009009E9       0.0024731472129421303
8.018018018018018E9       0.0025014935968732696
8.027027027027027E9       0.0025301065345995333
8.0360360360360365E9      0.002558987939161471
8.045045045045045E9       0.0025881397324735065
8.054054054054054E9       0.0026175638453353857
8.063063063063063E9       0.0026472622174434713
8.072072072072072E9       0.0026772367974019695
8.081081081081081E9       0.002707489542734034
8.09009009009009E9        0.002738022419892744
8.099099099099099E9       0.0027688374042720027
8.1081081081081085E9      0.002799936480217297
8.117117117117117E9       0.0028313216410363576
8.126126126126126E9       0.0028629948890097137
8.135135135135135E9       0.002894958235401128
8.144144144144144E9       0.0029272137004679307
8.153153153153153E9       0.002959763313471246
8.162162162162162E9       0.002992609112686074
8.171171171171171E9       0.0030257531454113205
8.180180180180181E9       0.0030591974679796676
8.189189189189189E9       0.0030929441457673585
8.198198198198198E9       0.0031269952532038746
8.207207207207208E9       0.003161352873781477
8.216216216216216E9       0.0031960191000646385
8.225225225225225E9       0.0032309960336994476
8.234234234234234E9       0.0032662857854227666
8.243243243243243E9       0.0033018904750713816
8.252252252252253E9       0.003337812231591006
8.261261261261261E9       0.0033740531930451768
8.27027027027027E9        0.0034106155066240566
8.27927927927928E9        0.003447501328653093
8.288288288288288E9       0.0034847128246015945
8.2972972972972975E9      0.0035222521690911972
8.306306306306306E9       0.0035601215459042015
8.315315315315315E9       0.0035983231479918415
8.324324324324325E9       0.003636859177482375
8.333333333333333E9       0.003675731845689136
8.342342342342342E9       0.0037149433731184394
8.351351351351352E9       0.0037544959894773877
8.36036036036036E9        0.003794391933681547
8.3693693693693695E9      0.0038346334538625747
8.378378378378378E9       0.003875222807375649
8.387387387387387E9       0.003916162260806877
8.396396396396397E9       0.003957454089980524
8.405405405405405E9       0.003999100579966168
8.414414414414414E9       0.00404110402508579
8.423423423423424E9       0.004083466728920633
8.432432432432432E9       0.004126191004318086
8.441441441441442E9       0.004169279173398383
8.450450450450451E9       0.004212733567561203
8.459459459459459E9       0.004256556527492195
8.468468468468469E9       0.004300750403169368
8.477477477477477E9       0.0043453175538693605
8.486486486486486E9       0.004390260348173641
8.495495495495496E9       0.004435581163974568
8.504504504504504E9       0.004481282388481363
8.513513513513514E9       0.004527366418225977
8.522522522522523E9       0.004573835659068827
8.531531531531531E9       0.00462069252620444
8.540540540540541E9       0.004667939444167014
8.549549549549549E9       0.004715578846835821
8.558558558558558E9       0.004763613177440574
8.567567567567568E9       0.004812044888566603
8.576576576576576E9       0.0048608764421599684
8.585585585585586E9       0.004910110309532533
8.594594594594595E9       0.004959748971366802
8.603603603603603E9       0.005009794917720723
8.612612612612614E9       0.005060250648032423
8.621621621621622E9       0.00511111867112475
8.63063063063063E9        0.0051624015052097695
8.63963963963964E9        0.005214101677893174
8.648648648648647E9       0.005266221726178467
8.657657657657658E9       0.0053187641964712925
8.666666666666668E9       0.0053717316445833
8.675675675675674E9       0.005425126635736244
8.684684684684685E9       0.005478951744565818
8.693693693693695E9       0.005533209555125374
8.702702702702702E9       0.005587902660889555
8.711711711711712E9       0.005643033664757958
8.72072072072072E9        0.005698605179058403
8.729729729729729E9       0.005754619825550444
8.738738738738739E9       0.005811080235428477
8.747747747747747E9       0.0058679890493249474
8.756756756756756E9       0.005925348917313344
8.765765765765766E9       0.005983162498911207
8.774774774774775E9       0.0060414324630828084
8.783783783783783E9       0.006100161488242057
8.792792792792793E9       0.006159352262254998
8.801801801801802E9       0.006219007482442386
8.81081081081081E9        0.0062791298555821004
8.81981981981982E9        0.006339722097911508
8.828828828828829E9       0.006400786935129581
8.837837837837837E9       0.006462327102399176
8.846846846846848E9       0.006524345344348918
8.855855855855856E9       0.006586844415075182
8.864864864864864E9       0.006649827078143924
8.873873873873875E9       0.006713296106592415
8.882882882882883E9       0.006777254282930789
8.891891891891891E9       0.0068417043991436935
8.900900900900902E9       0.006906649256691616
8.90990990990991E9        0.006972091666512221
8.918918918918919E9       0.007038034449021645
8.927927927927929E9       0.007104480434115636
8.936936936936937E9       0.00717143246117045
8.945945945945946E9       0.007238893379043932
8.954954954954956E9       0.007306866046076349
8.963963963963963E9       0.007375353330091005
8.972972972972973E9       0.0074443581083950975
8.981981981981983E9       0.007513883267780055
8.99099099099099E9        0.007583931704522107
9.0E9                     0.007654506324382669
9.00900900900901E9        0.007725610042608543
9.018018018018017E9       0.007797245783932035
9.027027027027027E9       0.007869416482571225
9.036036036036037E9       0.007942125082229716
9.045045045045044E9       0.00801537453609663
9.054054054054054E9       0.008089167806846454
9.063063063063063E9       0.008163507866638577
9.072072072072071E9       0.008238397697117036
9.081081081081081E9       0.008313840289409983
9.09009009009009E9        0.008389838644129007
9.099099099099098E9       0.008466395771368616
9.108108108108109E9       0.008543514690705347
9.117117117117117E9       0.008621198431196936
9.126126126126125E9       0.00869945003138136
9.135135135135136E9       0.00877827253927584
9.144144144144144E9       0.008857669012375568
9.153153153153152E9       0.008937642517652637
9.162162162162163E9       0.009018196131554624
9.171171171171171E9       0.009099332940003172
9.18018018018018E9        0.009181056038392529
9.18918918918919E9        0.00926336853158799
9.198198198198198E9       0.009346273533924044
9.207207207207207E9       0.009429774169202843
9.216216216216217E9       0.009513873570692135
9.225225225225225E9       0.009598574881123405
9.234234234234234E9       0.009683881252689833
9.243243243243244E9       0.009769795847044165
9.252252252252253E9       0.009856321835296441
9.261261261261261E9       0.00994346239801178
9.270270270270271E9       0.010031220725207929
9.27927927927928E9        0.010119600016352736
9.288288288288288E9       0.01020860348036171
9.297297297297298E9       0.010298234335595308
9.306306306306305E9       0.010388495809856072
9.315315315315315E9       0.010479391140386075
9.324324324324326E9       0.010570923573863716
9.333333333333332E9       0.010663096366400854
9.342342342342342E9       0.010755912783539864
9.351351351351353E9       0.010849376100250148
9.36036036036036E9        0.010943489600925158
9.36936936936937E9        0.011038256579378961
9.378378378378378E9       0.011133680338842801
9.387387387387386E9       0.011229764191961589
9.396396396396397E9       0.011326511460790403
9.405405405405405E9       0.011423925476790631
9.414414414414413E9       0.01152200958082646
9.423423423423424E9       0.011620767123160841
9.432432432432432E9       0.011720201463451646
9.44144144144144E9        0.011820315970747642
9.45045045045045E9        0.011921114023484532
9.45945945945946E9        0.012022599009480493
9.468468468468468E9       0.012124774325932309
9.477477477477478E9       0.01222764337941075
9.486486486486486E9       0.012331209585856286
9.495495495495495E9       0.012435476370574594
9.504504504504505E9       0.012540447168232008
9.513513513513514E9       0.01264612542285077
9.522522522522522E9       0.012752514587804485
9.531531531531532E9       0.012859618125813113
9.54054054054054E9        0.012967439508938252
9.54954954954955E9        0.013075982218578058
9.55855855855856E9        0.013185249745462323
9.567567567567568E9       0.013295245589647222
9.576576576576576E9       0.013405973260510228
9.585585585585587E9       0.013517436276744819
9.594594594594595E9       0.013629638166355049
9.603603603603603E9       0.013742582466650234
9.612612612612612E9       0.013856272724239425
9.621621621621622E9       0.013970712495025796
9.63063063063063E9        0.014085905344200948
9.639639639639639E9       0.014201854846239304
9.64864864864865E9        0.01431856458489231
9.657657657657658E9       0.014436038153182349
9.666666666666666E9       0.014554279153397012
9.675675675675676E9       0.014673291197083075
9.684684684684685E9       0.014793077905040163
9.693693693693693E9       0.014913642907314907
9.702702702702703E9       0.015034989843194454
9.711711711711712E9       0.015157122361200238
9.72072072072072E9        0.015280044119081557
9.72972972972973E9        0.015403758783809306
9.738738738738739E9       0.015528270031569034
9.747747747747747E9       0.01565358154775482
9.756756756756756E9       0.01577969702696221
9.765765765765766E9       0.015906620172981754
9.774774774774775E9       0.01603435469879195
9.783783783783783E9       0.016162904326552582
9.792792792792793E9       0.01629227278759762
9.801801801801802E9       0.01642246382242821
9.81081081081081E9        0.016553481180705643
9.81981981981982E9        0.016685328621244215
9.828828828828829E9       0.016818009912003787
9.837837837837837E9       0.016951528830082788
9.846846846846848E9       0.017085889161710666
9.855855855855856E9       0.01722109470224043
9.864864864864864E9       0.01735714925614125
9.873873873873875E9       0.017494056636990926
9.882882882882883E9       0.01763182066746801
9.891891891891891E9       0.017770445179344445
9.900900900900902E9       0.017909934013477527
9.90990990990991E9        0.01805029101980217
9.918918918918919E9       0.01819152005732306
9.927927927927927E9       0.018333624994106644
9.936936936936937E9       0.0184766097072731
9.945945945945946E9       0.018620478082988227
9.954954954954954E9       0.01876523401645529
9.963963963963964E9       0.018910881411907013
9.972972972972973E9       0.019057424182596795
9.981981981981981E9       0.01920486625079101
9.990990990990992E9       0.019353211547760134
1.0E10                    0.019502464013770253
